14.074,14.529
10.635,14.567
13.162,10.488
11.392,12.734
14.788,14.824
10.788,14.853
14.786,12.427
14.001,10.709
12.109,14.579
13.961,14.797
13.279,10.179
14.246,14.67
13.394,13.789
13.716,11.961
13.277,10.856
13.53,10.159
11.385,10.231
10.486,14.117
13.474,11.585
14.751,10.172
12.194,11.908
13.828,13.976
10.934,12.449
12.228,13.232
13.547,13.773
11.38,13.399
13.275,10.813
10.595,12.492
14.799,11.702
12.926,11.119
13.756,11.275
12.53,13.495
14.455,14.796
12.736,10.693
10.746,11.288
14.204,11.271
14.071,11.218
14.646,11.75
10.983,11.255
13.08,12.366
11.758,14.154
12.926,12.749
14.586,11.429
13.786,13.769
11.902,12.839
10.379,10.27
12.654,13.896
14.67,10.65
12.844,12.347
10.06,11.686
10.811,13.971
11.556,12.643
10.828,13.01
11.315,13.27
13.446,13.741
12.253,10.419
11.145,14.567
10.762,14.129
12.692,14.981
10.391,12.213
10.533,14.809
10.023,13.875
14.087,14.343
10.422,11.999
11.299,14
12.157,14.553
10.909,11.319
10.728,10.68
14.346,12.899
12.749,10.725
14.265,13.11
11.755,12.566
12.009,10.38
11.2,10.617
10.92,11.2
12.086,10.248
14.514,14.724
12.454,12.446
11.689,14.5
11.846,10.556
13.901,11.949
11.208,12.02
10.482,10.66
14.71,14.781
12.876,10.299
11.174,11.766
14.106,10.077
10.215,10.845
13.246,13.659
13.239,12.255
12.735,11.482
13.723,10.945
13.434,10.918
11.842,13.128
13.901,10.406
14.647,13.879
12.434,12.179
12.234,11.532
12.543,12.554
14.088,13.974
13.222,11.893
14.058,12.664
11.754,14.695
14.38,12.751
13.112,12.935
11.039,11.506
12.355,11.152
14.222,10.974
11.13,10.854
11.138,12.178
11.556,14.617
12.151,10.924
14.524,14.899
12.194,10.556
11.29,12.044
12.974,11.311
13.014,13.556
11.109,10.587
11.483,11.594
12.121,12.539
10.428,11.312
14.005,10.146
14.644,13.652
12.443,12.893
11.186,12.294
14.815,12.734
12.606,11.158
12.444,13.12
13.396,11.978
11.837,14.94
10.189,14.426
14.566,13.981
10.494,11.309
11.677,13.399
10.683,13.606
10.534,13.269
12.471,13.895
13.575,14.519
14.455,11.671
13.494,10.989
10.153,13.72
12.5,12.4
14.524,13.049
13.088,14.297
14.027,12.884
10.915,11.2
14.433,10.143
12.45,10.84
14.893,13.563
12.502,12.355
10.298,13.41
10.212,10.357
12.608,10.484
14.091,14.088
13.612,10.749
13.298,12.593
14.865,13.245
14.002,12.269
12.162,14.127
10.417,10.666
10.867,11.955
14.157,14.017
10.302,11.996
12.634,12.084
13.284,13.14
11.46,12.158
10.077,14.92
10.836,10.531
11.862,10.991
12.448,11.697
14.758,14.602
10.263,13.689
11.346,12.114
12.739,14.714
12.089,14.915
11.507,13.505
13.332,12.696
13.491,13.333
10.891,10.64
14.995,10.856
10.163,12.806
14.409,13.346
10.952,11.845
12.304,14.908
10.782,14.278
13.224,11.881
10.955,12.141
12.41,10.603
12.948,11.131
11.923,12.915
11.259,11.452
13.085,11.326
14.122,14.913
13.651,11.719
12.92,10.539
14.532,14.398
14.089,11.304
12.972,10.113
12.126,11.564
10.807,10.894
12.114,10.471
12.993,12.355
13.48,13.499
13.193,10.168
10.344,11.598
12.654,13.272
12.038,14.1
13.592,14.843
12.657,11.626
10.528,13.055
13.894,12.117
10.454,11.332
10.768,11.405
12.2,12.636
12.287,14.377
12.59,14.718
13.189,14.788
11.204,13.381
11.445,13.359
13.476,10.34
11.274,11.12
13.339,14.222
11.722,13.903
13.377,10.034
13.011,11.934
14.58,10.006
12.312,12.122
12.305,13.851
11.612,13.924
12.357,10.179
10.879,13.609
12.367,10.764
11.706,13.037
10.959,13.692
11.214,14.587
11.345,13.828
10.943,11.437
10.456,12.881
13.417,12.733
12.129,13.222
13.238,13.395
13.179,14.726
11.045,13.546
11.181,10.597
13.037,12.251
12.294,13.31
13.851,11.751
13.31,12.081
14.21,14.165
11.282,13.067
12.911,12.704
14.35,11.324
11.59,10.596
14.699,13.228
12.397,13.197
12.724,13.237
12.719,13.605
12.612,14.969
11.093,10.529
10.548,10.318
12.023,12.242
11.829,13.818
13.139,13.86
14.664,14.864
10.96,10.694
13.481,10.469
12.627,12.652
14.306,12.424
11.967,13.357
13.706,12.6
11.739,10.75
12.93,11.311
10.222,13.775
11.214,12.212
13.439,11.796
13.682,11.974
13.417,13.52
12.212,10.098
11.654,12.122
11.351,10.985
14.109,12.15
14.439,11.956
13.846,11.984
14.043,13.775
11.887,11.08
13.952,14.747
11.638,13.356
12.193,14.168
13.844,10.836
14.31,14.949
12.572,14.421
12.94,10.774
10.999,12.035
13.744,14.128
13.95,11.593
12.67,10.45
10.559,10.681
13.393,12.476
10.949,12.475
10.738,10.275
14.254,12.803
14.648,13.483
12.914,14.077
14.395,14.945
10.003,14.327
13.063,14.95
12.638,12.398
14.007,11.139
12.49,14.504
12.873,14.226
13.693,12.93
11.234,13.332
10.417,13.13
13.305,13.649
14.454,14.912
13.845,12.907
14.642,12.9
10.085,10.604
14.314,12.421
14.224,11.047
12.761,13.149
10.16,13.074
11.812,10.248
12.448,10.963
10.615,11.027
10.733,10.945
10.213,13.176
11.409,12.693
13.476,12.496
12.679,12.226
10.62,12.452
14.265,14.37
11.351,11.042
12.825,13.202
12.085,11.03
14.74,10.41
10.529,10.71
10.832,13.105
12.869,10.26
14.656,13.643
13.689,10.317
14.302,14.672
14.922,14.295
13.928,12.567
10.888,11.993
10.67,10.154
14.696,11.507
11.478,11.665
12.335,13.241
10.126,14.211
12.795,14.27
11.739,12.23
10.271,10.886
13.314,11.654
14.492,10.591
14.942,12.7
13.535,14.997
11.439,12.073
12.324,13.82
14.091,10.501
10.891,11.798
10.284,12.609
11.679,10.878
11.045,14.526
13.377,12.342
14.561,10.52
13.728,13.681
12.809,10.921
12.986,11.5
10.671,11.063
14.475,10.357
11.212,10.269
12.209,10.066
14.486,10.983
10.467,11.537
12.28,10.508
14.977,11.66
11.487,10.31
11.491,10.232
12.527,13.807
13.155,10.449
10.404,13.886
14.526,12.669
10.546,14.129
11.69,11.47
13.732,10.052
10.242,13.34
13.017,12.631
13.649,13.536
13.907,11.44
13.463,12.783
11.983,10.308
13.901,11.688
13.039,13.706
10.524,10.639
12.748,12.426
14.452,13.995
13.672,10.257
10.364,10.443
13.992,14.715
13.419,10.66
13.614,10.552
10.587,13.204
11.644,13.269
13.746,12.916
13.7,11.174
13.675,14.853
14.335,10.431
11.832,11.846
13.425,12.99
13.947,11.838
11.03,10.433
13.86,11.028
11.941,12.759
11.145,13.21
12.422,10.759
13.91,10.503
11.47,11.187
12.654,10.457
12.027,10.524
10.561,13.922
11.458,13.018
14.822,12.162
13.474,13.79
12.163,13.277
10.549,14.669
10.937,11.331
13.989,12.438
13.845,11.98
11.365,10.186
13.366,12.148
12.259,13.049
10.297,11.579
13.864,13.482
10.627,10.651
10.462,10.039
12.116,13.278
13.615,12.656
10.544,13.159
10.632,10.672
10.493,10.71
10.841,10.981
11.587,11.582
11.088,11.255
14.465,13.516
12.779,10.922
11.06,10.387
14.569,13.534
12.789,11.567
10.831,13.112
14.94,10.852
11.289,11.984
10.37,13.42
12.012,14.914
12.011,13.103
10.772,11.907
10.806,13.791
14.356,11.754
13.428,11.471
12.653,14.162
12.987,11.677
11.496,12.263
12.113,11.798
12.792,13.713
12.122,12.147
10.624,10.122
11.451,11.588
13.268,14.785
14.679,12.289
11.202,13.819
13.797,13.703
13.718,10.53
13.408,12.316
11.061,10.493
14.118,10.875
10.818,13.33
14.472,12.583
13.514,10.768
14.767,12.704
13.399,10.183
14.046,13.743
10.601,12.625
11.629,12.732
11.994,12.075
10.904,11.277
10.103,14.618
13.268,14.663
10.818,14.605
13.973,12.887
12.2,11.288
13.76,11.143
10.321,13.837
13.356,13.576
13.21,12.095
11.954,14.081
11.587,14.073
13.945,14.261
12.528,13.178
14.754,12.22
10.3,14.334
13.156,11.775
14.985,11.121
13.262,13.025
11.936,10.711
10.126,12.106
10.921,13.629
11.852,14.208
13.671,12.855
10.884,14.787
11.327,14.623
11.119,11.868
10.438,13.201
10.903,10.225
13.616,11.737
13.303,11.919
13.137,10.108
14.553,14.003
13.729,14.066
11.917,13.086
12.877,12.65
11.375,11.243
12.258,11.139
14.022,14.931
10.15,12.678
10.435,14.01
14.946,10.335
14.697,10.091
13.419,13.919
12.671,14.427
14.495,13.13
10.689,11.089
10.911,10.209
10.535,13.082
14.698,11.772
12.053,14.922
14.728,13.383
14.942,13.834
11.683,13.312
11.221,11.478
13.401,12.639
12.058,13.013
13.753,12.918
12.759,12.918
12.559,10.413
13.598,14.981
11.773,14.856
11.732,14.433
12.273,12.067
11.089,10.628
11.545,13.631
13.914,13.469
10.049,14.216
14.612,13.855
10.213,11.891
13.522,13.648
11.121,11.345
13.365,12.387
13.119,11.182
10.886,14.148
13.835,14.672
10.539,10.911
10.495,12.449
10.966,14.479
10.495,10.221
12.786,13.862
11.56,10.895
11.695,11.051
12.551,14.532
13.145,10.508
11.954,10.273
12.506,12.159
14.988,14.058
12.428,14.472
10.688,11.95
14.637,14.587
13.568,13.092
11.716,14.68
10.624,13.653
13.232,14.166
11.991,13.749
14.176,11.612
12.761,14.896
12.747,11.652
13.097,11.803
13.783,12.07
12.462,13.474
14.864,11.639
14.189,13.695
14.771,10.16
11.784,13.313
11.408,11.152
13.556,13.123
12.953,13.302
10.238,11.744
12.257,11.205
13.575,14.281
11.408,13.655
10.689,14.184
10.693,12.941
11.831,14.034
12.519,12.448
14.385,11.766
12.247,14.818
10.211,14.865
10.946,13.336
12.932,13.376
11.805,13.101
14.056,10.096
10.419,14.874
13.257,11.156
12.017,10.61
11.342,11.289
11.658,10.761
11.74,10.608
14.421,10.471
14.65,11.995
10.237,11.712
13.68,13.973
12.725,13.431
14.468,10.274
11.518,10.231
10.977,13.601
13.609,14.389
12.912,10.353
14.614,14.002
11.43,12.718
14.924,13.578
14.195,12.166
12.353,12.804
11.345,13.745
12.519,13.234
11.539,10.694
12.378,11.812
13.941,13.901
13.343,10.668
10.108,12.799
11.504,14.697
14.905,11.433
14.004,14.481
12.988,14.42
14.719,12.746
13.642,12.884
10.129,12.233
13.232,12.606
11.862,14.686
14.148,14.245
11.863,12.966
14.363,14.668
13.342,11.034
13.269,10.36
12.034,13.335
14.669,14.055
12.423,13.784
12.085,14.859
14.94,14.321
11.944,12.274
11.233,13.922
14.414,14.569
12.791,12.994
10.744,14.499
12.252,11.028
14.498,13.813
14.412,11.425
13.366,13.321
10.614,12.037
11.376,13.583
11.417,14.481
14.133,11.95
12.49,13.474
14.172,13.048
12.874,11.63
12.282,13.569
14.422,13.604
10.093,13.374
12.193,12.189
10.585,14.073
11.624,11.231
11.714,11.878
12.733,12.81
11.979,11.991
12.577,13.288
14.755,13.612
12,14.159
10.672,10.302
10.421,10.819
11.621,11.509
10.058,12.7
10.477,10.733
13.156,14.297
14.871,12.854
14.984,12.768
12.577,11.653
12.15,12.459
10.355,14.439
10.323,12.181
14.133,11.973
13.067,14.093
14.431,14.656
10.954,11.293
14.489,12.967
12.519,13.064
14.097,12.659
11.01,12.269
12.14,14.83
13.1,13.477
13.601,11.734
12.585,12.783
10.782,12.81
13.474,12.132
14.181,13.657
11.8,12.271
11.932,13.878
13.671,12.151
13.469,14.726
13.921,13.528
10.547,11.95
12.955,12.297
10.252,11.143
14.171,10.078
14.319,10.39
13.345,12.501
11.09,12.858
10.611,13.356
12.998,10.28
10.282,10.763
10.098,12.176
14.161,13.087
12.601,14.319
10.488,14.54
10.54,12.585
10.716,12.797
10.023,13.833
14.244,14.584
14.935,12.526
11.357,10.504
12.539,12.928
13.814,10.415
13.308,12.585
10.855,14.693
12.952,12.203
14.71,13.28
12.26,14.198
12.663,12.769
13.4,11.836
11.196,12.895
14.334,12.034
10.563,12.219
11.501,12.007
14.167,12.018
11.951,11.802
10.701,11.301
10.434,12.147
11.286,11.488
12.124,10.596
12.475,13.532
11.218,13.925
10.37,11.969
10.017,11.103
10.007,10.946
10.712,11.34
10.874,10.693
12.994,14.505
14.697,11.106
12.413,11.88
12.619,11.324
10.342,12.182
10.869,10.131
14.773,12.153
14.808,13.812
10.037,13.4
13.53,13.226
12.762,11.091
13.862,11.14
11.854,14.455
14.282,12.012
11.59,13.043
14.551,14.545
12.958,11.663
14.265,12.212
14.522,10.166
12.662,13.582
10.897,11.683
10.939,11.61
12.019,12.743
10.244,12.764
11.374,11.208
11.216,10.771
14.782,14.678
14.094,13.641
10.879,11.802
10.944,10.006
11.582,13.498
13.126,12.715
12.195,11.437
12.508,13.808
13.812,12.88
13.738,13.228
10.616,12.522
11.736,10.461
10.739,10.991
13.361,12.158
13.472,11.284
10.049,12.661
11.397,14.731
14.532,11.963
10.124,13.357
14.186,14.857
10.285,12.252
12.912,13.433
13.597,13.25
13.635,11.869
12.908,10.581
10.288,14.899
11.424,12.975
14.811,10.929
10.965,11.708
14.664,11.953
11.366,10.76
11.986,11.874
10.656,12.175
10.458,13.073
10.055,12.866
13.949,11.177
12.24,12.847
10.307,12.481
13.212,11.106
14.185,14.855
14.232,12.53
11.394,13.733
11.185,14.787
13.101,13.001
10.863,10.452
11.276,14.293
14.555,13.498
13.626,11.149
12.88,14.053
12.019,14.942
10.45,11.605
12.557,10.303
13.628,12.783
12.647,14.15
14.294,13.945
11.589,12.261
13.761,10.549
10.549,11.349
12.623,14.863
13.552,11.559
11.457,14.252
14.558,13.196
11.277,10.443
14.191,12.924
14.741,10.305
12.923,11.426
14.139,10.955
12.213,11.967
14.133,13.384
11.038,11.591
10.669,13.357
12.855,10.849
10.738,12.38
14.541,12.761
10.165,10.269
14.025,12.257
11.913,13.948
11.821,12.662
13.558,14.357
11.643,13.251
14.874,10.38
12.935,12.069
11.546,11.319
13.794,14.976
10.933,13.906
10.979,14.962
14.011,12.121
13.644,12.492
14.045,11.783
10.366,12.955
14.551,10.969
12.162,13.746
10.196,14.732
13.818,12.794
10.919,12.49
12.589,14.971
14.274,14.812
13.395,12.018
14.675,12.397
11.159,11.981
13.525,12.793
13.783,14.977
14.812,12.675
14.819,10.578
10.257,11.522
12.901,12.655
14.506,12.703
12.16,12.713
13.562,10.083
14.005,10.713
12.392,11.284
11.845,13.309
10.848,11.394
10.991,10.975
11.634,14.402
12.356,12.02
10.896,14.845
12.037,14.222
13.077,11.883
14.386,13.924
12.325,14.07
14.492,12.146
11.672,12.983
14.51,13.51
11.887,13.675
14.771,12.714
12.701,11.556
10.356,10.91
10.465,12.317
10.047,14.575
13.214,10.007
10.152,11.042
12.275,10.636
10.043,13.635
11.771,13.902
12.183,12.183
10.246,10.248
10.456,12.97
11.205,14.207
14.286,14.818
12.444,11.102
11.131,12.684
13.811,11.738
12.306,13.197
14.587,10.808
13.578,12.889
12.166,14.421
11.965,10.895
13.167,13.12
11.64,14.015
14.997,14.905
10.635,11.161
10.118,13.037
10.554,12.037
14.42,12.741
11.845,11.042
12.205,14.781
10.62,12.354
14.284,10.217
13.458,14.895
11.416,10.669
13.426,14.547
13.054,14.5
10.967,13.772
11.731,12.093
10.779,14.095
13.125,13.693
14.026,10.336
14.754,12.488
13.776,13.712
14.156,10.783
12.287,13.091
14.661,14.175
14.477,12.913
12.914,14.275
10.174,14.427
12.039,10.182
13.731,10.774
10.72,13.03
11.272,11.621
12.009,12.032
11.931,13.049
10.834,10.94
10.473,11.616
13.848,11.171
13.702,13.464
14.12,14.14
11.467,11.547
12.615,11.626
14.159,14.051
12.785,11.315
13.403,11.168
12.282,11.923
12.693,14.959
13.776,14.902
11.174,12.643
10.257,13.784
13.01,14.286
14.941,14.647
12.048,10.002
12.704,11.039
11.096,11.629
10.48,13.738
13.743,12.716
11.691,14.162
12.763,14.788
14.464,11.783
12.732,11.733
13.114,13.983
13.729,10.628
14.112,10.126
12.072,13.657
13.907,11.836
